   243.92014593021449     
   284.76509519434035     
   285.99716429593036     
   287.68748731473465     
   287.76811702507331     
   289.45733249569105     
   290.75975378248529     
   503.60345271706512     
   504.78149176251259     
   505.40959612322655     
   508.40576339998557     
   510.08475724519019     
   512.57063963935980     
   517.87330514402549     
   518.78400938083507     
   524.26915300337919     
   530.64551150338013     
   531.67848409989801     
   539.72812412026542     
   543.86440715985941     
   545.05913598055304     
   549.89033128846631     
   552.07760507348257     
   558.95239374077607     
   561.01920766647390     
   565.13347661280045     
   570.97156186103462     
   574.97541579460938     
   582.10866415173371     
   585.61259697349180     
   589.79142759609272     
   597.53413315932551     
   600.88267247095280     
   609.86888403668877     
   612.25331517808684     
   626.21225304934603     
   633.34857803647367     
   640.53137162920120     
   653.28360858004601     
   658.20192516537986     
   662.83277904877298     
   674.38297085763043     
   679.12915054794894     
   688.27500132595048     
   693.17201511117116     
