   40.844949264125830        6.8381743039837490E-004
   42.077018365715844        2.0802630434089489E-003
   43.767341384520179        7.0732044940238683E-003
   43.847971094858821        2.9848244106381724E-003
   45.537186565476510        1.6307827829879506E-003
   46.839607852270774        5.5887180595610942E-004
   259.68330678685066        8.6107083736454224E-006
   260.86134583229813        4.0390182743024023E-011
   261.48945019301198        3.8833411045906567E-005
   264.48561746977111        1.0764551501576951E-004
   266.16461131497573        1.5541746009883816E-010
   268.65049370914528        2.6181651152083182E-004
   273.95315921381103        6.4144334113897590E-004
   274.86386345062061        1.7057531182711097E-009
   280.34900707316467        1.7746431789586261E-003
   286.72536557316567        2.7416431977027457E-007
   287.75833816968355        6.7699273623916681E-003
   295.80797819005096        7.0990283789088796E-002
   299.94426122964489       0.35883602926785424     
   301.13899005033858        8.5603990207960626E-003
   305.97018535825185        6.0982682591374359E-003
   308.15745914326806        6.4940505097343545E-002
   315.03224781056156        1.1087968974116505E-002
   317.09906173625944        3.0744577697943875E-002
   321.21333068258593        2.3691233752011053E-002
   327.05141593082016        9.3632693403562887E-003
   331.05526986439492        2.2455968504909812E-002
   338.18851822151925        1.1628889076905924E-002
   341.69245104327740        1.1758079905017593E-002
   345.87128166587820        9.4293200409381866E-003
   353.61398722911105        1.9163174908572157E-002
   356.96252654073828        9.2300536869870421E-003
   365.94873810647425        1.3417647584905079E-003
   368.33316924787232        5.6389393945866133E-003
   382.29210711913151        1.2966592595288477E-002
   389.42843210625921        2.4277743303048981E-004
   396.61122569898674        3.2601569023708442E-002
   409.36346264983149       0.11144615523272461     
   414.28177923516535        1.0905686865184843E-004
   418.91263311855846        9.5568188229040563E-002
   430.46282492741597        2.4770032640658566E-003
   435.20900461773442        3.3661557361672263E-002
   444.35485539573597        7.6692003160744567E-003
   449.25186918095676        1.8218823246373930E-002
