   243.49491331693730     
   284.76413505705966     
   285.99289915466613     
   287.68890750021529     
   288.46444631633722     
   289.46867316452227     
   290.76140489774360     
   503.57694528080850     
   504.78149176252356     
   505.30406940939662     
   508.17027960832007     
   510.08475724536271     
   512.15718327698949     
   517.23902350562685     
   518.78400938593927     
   523.38188052161888     
   530.53965733994130     
   530.64551532240762     
   538.62796652129805     
   545.00812216353643     
   546.59582747584955     
   548.64263105428188     
   553.17965414515470     
   557.94553449111334     
   561.13182712969399     
   566.34451738330358     
   569.16932759957888     
   577.34464179332383     
   580.87757310443897     
   586.37106297373577     
   592.24962112007802     
   596.74627133096590     
   604.62801722940321     
   609.74427486292689     
   613.54689875290262     
   623.76849236368696     
   633.35822785662776     
   637.14018396066535     
   651.53202387464978     
   658.20177200508090     
   665.77678597189561     
   673.84246879883631     
   681.07919952337988     
   686.89964628643963     
   694.52878474353417     
