   41.269221740122390        9.4574031113043374E-004
   42.497985837728820        3.4304363112041291E-003
   44.193994183278001        6.5547951028735486E-003
   44.969532999399888        5.9248106712749500E-002
   45.973759847584965        8.2592509010897232E-005
   47.266491580806274        2.3498009948244491E-004
   260.08203196387120        5.3336847560786280E-006
   261.28657844558620        3.5085035775006320E-011
   261.80915609245932        2.3757842036509688E-005
   264.67536629138277        6.4127411610211943E-005
   266.58984392842541        1.2848573343480591E-010
   268.66226996005219        1.4822541717608807E-004
   273.74411018868955        3.3069909271235147E-004
   275.28909606900191        1.2667137184095894E-009
   279.88696720468153        7.6888556946147762E-004
   287.04474402300394        2.0529192356281271E-003
   287.15060200547032        1.6588540343603818E-008
   295.13305320436069        8.1008634348815386E-003
   301.51320884659913        2.7331629043333724E-003
   303.10091415891219       0.16521542391125915     
   305.14771773734452        6.4350892122160372E-002
   309.68474082821740       0.10998935981954243     
   314.45062117417604        2.2295197566352793E-005
   317.63691381275669        5.8143701473862365E-002
   322.84960406636634        4.9395967872525037E-002
   325.67441428264158        1.4295685908464228E-002
   333.84972847638653        5.3086997891473545E-002
   337.38265978750161        1.3125890515698286E-002
   342.87614965679842        2.5499912978645400E-002
   348.75470780314072        7.2098192776039736E-004
   353.25135801402854        3.8707533230425445E-002
   361.13310391246586        1.3988724229295842E-003
   366.24936154598964        4.1139803776973505E-003
   370.05198543596538        3.4561281283298433E-002
   380.27357904674960        3.9629575532261457E-002
   389.86331453969052        6.8709665730301515E-005
   393.64527064372794        3.1370444898588729E-002
   408.03711055771248        3.3360008399366807E-002
   414.70685868814360        1.3712091167071718E-004
   422.28187265495831        4.6165241328601718E-002
   430.34755548189889        7.4503795054262452E-003
   437.58428620644264        3.5732318809659852E-002
   443.40473296950233        6.9152682470890771E-003
   451.03387142659693        3.6376173011568078E-002
